
371
372
373
380
381
383
384
389
391
392
393
395
396
397
398
400
401
404
405
406
407
413
416
418
419
420
422
425
431
432
433
436
438
439
442
444
446
448
450
451
454
455
456
458
459
460
466
467
468
469
470
473
474
475
477
478
479
480
482
484
485
486
488
489
490
492
493
495
496
500
501
502
503
504
506
509
510
513
514
515
517
518
519
520
523
525
527
528
529
530
536
537
538
541
542
544
545
546
547
548
549
550
552
554
556
557
558
559
563
564
566
568
569
570
571
572
573
578
579
584
585
586
589
592
593
595
598
601
604
605
606
607
608
611
612
616
617
619
620
622
625
626
627
629
630
631
634
636
639
641
642
644
646
651
652
654
658
659
660
666
668
669
671
672
673
674
679
680
681
682
684
685
686
693
694
696
697
699
702
704
706
707
710
711
712
714
715
719
723
724
725
727
729
730
733
734
735
739
740
743
745
746
747
748
749
750
751
753
757
758
759
760
763
764
765
766
767
768
769
771
772
773
775
776
778
779
780
781
783
784
785
787
788
789
790
791
792
794
796
797
798
800
801
807
809
810
811
812
814
815
817
819
820
821
823
824
825
826
827
829
831
832
836
837
839
841
844
848
849
850
851
853
854
855
858
859
860
862
863
864
866
868
870
871
872
874
875
876
877
878
880
882
883
885
888
889
890
891
893
894
895
896
897
903
904
905
907
908
909
912
913
914
916
917
918
919
920
922
925
927
928
929
930
931
933
935
936
937
939
943
945
946
947
949
950
951
952
953
957
958
960
961
962
964
967
970
971
973
974
977
978
979
981
986
987
989
992
994
997
998
