
1004
1005
1008
1009
1012
1013
1014
1015
1016
1017
1022
1023
1025
1026
1028
1029
1030
1031
1032
1033
1034
1039
1041
1042
1043
1047
1049
1051
1053
1054
1055
1057
1058
1059
1061
1062
1063
1065
1066
1067
1071
1072
1073
1074
1075
1076
1078
1080
1084
1086
1087
1088
1094
1098
1100
1101
1102
1104
1105
1106
1107
1109
1112
1113
1115
1116
1118
1119
1121
1125
1126
1130
1133
1134
1135
1137
1141
1142
1143
1144
1145
1146
1148
1151
1153
1156
1158
1159
1160
1161
1163
1165
1166
1170
1171
1173
1174
1175
1178
1183
1184
1185
1186
1189
1192
1193
1194
1198
1199
1201
1202
1205
1206
1207
1208
1210
1212
1214
1215
1216
1217
1218
1220
1221
1224
1225
1228
1230
1231
1235
1237
1238
1240
1242
1243
1244
1245
1246
1247
1249
1250
1251
1253
1254
1256
1257
1259
1260
1263
1265
1266
1268
1269
1270
1272
1279
1280
1281
1282
1283
1285
1287
1288
1289
1296
1298
1300
1301
1304
1305
1306
1307
1310
1311
1312
1318
1320
1321
1323
1324
1326
1327
1328
1329
1335
1336
1337
1341
1343
1345
1346
1347
1348
1349
1350
1353
1354
1356
1359
1366
1367
1368
1369
1370
1374
1376
1378
1381
1382
1384
1401
1404
1407
1410
1413
1416
1419
1422
1450
1455
1460
